GENES "U3" "U4" "U6" "U7" "U8" "U9" "H34" "H35" "H36" "H38" "H39" "H40" "S62" "S63" "S64" "S67" "S68"
"APC" 14.1207836156111 70.5715436688161 29.0367221578983 314.966593524056 185.733096519524 1784.68632996325 1028.1101073224 78.9401006678305 210.318726341038 1248.10699704543 4.50366712478001 2.93399675622976 1990.52819635327 3.41391864140644 4.03303986962832 21828.3821481625 1766.14285025389
"BRMS1" 1.28370760141919 1.19612785879349 4.58474560387868 1.95631424549103 7.28365084390291 6.40054870279707 69.5147660851065 233.620027652093 1.58134380707547 10.6675811713285 106.586788619794 4.40099513434464 10.4161601065058 14.7936474460946 1.34434662320944 701.266386837927 61.6372001430889
"CD44" 7340.24006491496 11790.2323041275 13.754236811636 13735.2823175925 114.110529887812 3532.03612582685 19970.6624809086 25161.6237088124 969.363753737264 16703.2985980661 6799.03613604289 14091.9864201715 2399.88328853895 83.0720202742234 111.580769726384 5630.06676121888 2269.90842834645
"CD82" 1.28370760141919 3.58838357638048 1.52824853462623 1.95631424549103 1.21394180731715 25.6021948111883 34.0932292264535 48.004115270978 6.32537522830189 9.60082305419561 1.50122237492667 1.46699837811488 1.04161601065058 2.27594576093763 1.34434662320944 1.17268626561526 1.18533077198248
"CDH1" 1.28370760141919 1.19612785879349 4.58474560387868 1.95631424549103 1.21394180731715 1.06675811713285 0.442769210733163 1.06675811713285 1.58134380707547 1.06675811713285 1.50122237492667 7.33499189057439 1.04161601065058 1.13797288046881 1.34434662320944 1.17268626561526 1.18533077198248
"CDH11" 1.28370760141919 2175.75657514537 4.58474560387868 5.86894273647309 103.185053621958 440.571102375865 94.7526110968968 909.944673914317 362.127731820283 105.609053596152 4.50366712478001 7.33499189057439 1.04161601065058 9323.41180968099 1.34434662320944 1.17268626561526 9.48264617585983
"CDH6" 3.85112280425758 1.19612785879349 1.52824853462623 1.95631424549103 1.21394180731715 1.06675811713285 0.442769210733163 1.06675811713285 1.58134380707547 1.06675811713285 1.50122237492667 1.46699837811488 1.04161601065058 3.41391864140644 1.34434662320944 1.17268626561526 1.18533077198248
"CDKN2A" 1.28370760141919 1.19612785879349 10.6977397423836 1.95631424549103 1.21394180731715 1.06675811713285 2.21384605366581 3.20027435139854 7.90671903537736 3.20027435139854 1.50122237492667 1.46699837811488 1.04161601065058 1.13797288046881 1.34434662320944 1.17268626561526 1.18533077198248
"CHD4" 17.9719064198687 5179.23362857583 1.52824853462623 925.336638117258 2334.41009547088 3858.4641096695 1182.63656186828 1266.24188503669 589.841240039151 1959.63466117304 331.770144858794 1365.77549002495 3050.89329519556 2417.05439811576 3348.76743841472 4669.63670967998 559.47612437573
"COL4A2" 16.6881988184495 315.777754721482 200.200558036036 5.86894273647309 144.459075070741 7.46730681992992 358.643060693862 1910.56378778493 96.4619722316038 452.305441664326 1.50122237492667 7.33499189057439 82.2876648413961 51.2087796210966 38.9860520730738 202.874723951441 846.32617119549
"CST7" 1.28370760141919 1.19612785879349 1.52824853462623 1.95631424549103 1.21394180731715 1.06675811713285 0.442769210733163 1.06675811713285 64.8350960900944 1.06675811713285 1.50122237492667 1.46699837811488 562.472645751315 1.13797288046881 4.03303986962832 3.51805879684579 1.18533077198248
"CTBP1" 1.28370760141919 245.206211052666 7.64124267313114 5.86894273647309 86.1898683195178 1887.095109208 355.100907007997 660.323274505231 30.045532334434 1782.55281372898 1169.45223006788 931.543970102948 494.767605059027 505.259958928153 1.34434662320944 815.016954602608 41.4865770193868
"CTNNA1" 4277.31372792876 9890.7812643634 4.58474560387868 178.024596339684 3127.11409564898 2128.18244368003 3682.95429487845 7319.02744164845 722.674119833491 3049.8614568828 3451.31023995641 1418.58743163709 5469.52567192622 10739.0500729842 4566.74547904247 11509.9156970138 815.507571123946
"CTSK" 1.28370760141919 1.19612785879349 1.52824853462623 1.95631424549103 1.21394180731715 3.20027435139854 74.3852274031713 3.20027435139854 1.58134380707547 1.06675811713285 1.50122237492667 1.46699837811488 1.04161601065058 1.13797288046881 1.34434662320944 3.51805879684579 1.18533077198248
"CTSL1" 2498.09499236175 21.5303014582829 1.52824853462623 5.86894273647309 860.684741387861 1279.04298244228 476.862439959616 11997.8285433931 17.3947818778302 286.957933508735 46.5378936227268 7.33499189057439 3757.10895041666 1819.61863586963 2745.15580459368 2086.20886652955 96.0117925305808
"CXCL12" 1.28370760141919 651.889683042454 270.499990628842 346.267621451912 952.944318743964 1.06675811713285 1.32830763219949 1.06675811713285 1.58134380707547 1.06675811713285 1664.85561379368 1.46699837811488 5.20808005325292 2859.72584861813 4.03303986962832 1.17268626561526 1.18533077198248
"CXCR4" 1510.92384687039 2087.24311359465 130367.24124629 21263.179534242 4002.36613872465 3549.10425570098 46.4907671269821 1.06675811713285 1.58134380707547 3.20027435139854 7.50611187463335 1.46699837811488 9.37454409585525 12.5177016851569 14.7878128553038 5168.02837256646 266.699423696058
"DENR" 6265.77680252709 1917.39295764597 10.6977397423836 706.229442622262 433.377225212223 6361.07865246316 29.2227679083887 361.631001708035 959.875690894812 254.95518999475 4.50366712478001 145.232839433373 4003.97194494084 7411.61737049338 319.954496323847 7004.45506451997 9962.70513851274
"EPHB2" 1.28370760141919 3.58838357638048 13.754236811636 866.647210752527 31.5624869902459 346.696388068175 322.335985413742 924.879287554177 7.90671903537736 986.751258347882 9.00733424956002 972.619924690165 759.338071764276 26.1733762507827 1.34434662320944 728.238170947079 29.633269299562
"ETV4" 3.85112280425758 1.19612785879349 4.58474560387868 5.86894273647309 307.127277251239 3.20027435139854 3.98492289659846 265.622771166079 1.58134380707547 77.8733425506977 4.50366712478001 107.090881602386 1.04161601065058 5.68986440234407 1442.48392670373 1.17268626561526 1.18533077198248
"EWSR1" 1005.14305191123 1017.90480783326 9.16949120775736 7451.60096107534 588.761776548819 742.46364952446 818.680270645618 808.602652786697 83.811221775 501.376315052437 794.146636336208 1.46699837811488 3167.55428838843 793.167097686763 3335.32397218262 6126.11305157414 1050.20306397648
"FAT1" 9260.66663663807 8337.01117579065 7.64124267313114 1533.75036846497 9898.48149686405 456.572474132858 3522.22907138231 848.072703120612 11.0694066495283 248.554641291953 9131.93570667893 13527.1920445973 7249.64743412806 10819.8461474975 1111.77465739421 357.669311012655 5865.01665976931
"FGFR4" 3.85112280425758 1.19612785879349 10.6977397423836 1.95631424549103 1.21394180731715 1.06675811713285 2.21384605366581 1.06675811713285 3.16268761415094 1.06675811713285 1.50122237492667 2.93399675622976 1.04161601065058 1.13797288046881 6.7217331160472 1.17268626561526 1.18533077198248
"FLT4" 1.28370760141919 1.19612785879349 1.52824853462623 1.95631424549103 3.64182542195146 1.06675811713285 0.442769210733163 1.06675811713285 1.58134380707547 1.06675811713285 1.50122237492667 1.46699837811488 1.04161601065058 1.13797288046881 4.03303986962832 3.51805879684579 1.18533077198248
"FN1" 8089.92530414377 11.9612785879349 12.2259882770098 41.0825991553116 5686.10342547354 773.399634921313 43.8341518625831 92.8079561905575 58.5097208617925 453.372199781459 7.50611187463335 7.33499189057439 7.29131207455409 974.104785681304 110.236423103174 7.03611759369158 91.2704694426509
"FXYD5" 65.4690876723789 4.78451143517398 4.58474560387868 9.78157122745515 75.2643920536634 78.9401006678305 969.664571505626 930.213078139841 105.950035074057 313.626886437057 1460.68937080365 36.674959452872 9.37454409585525 27.3113491312515 9.41042636246608 1.17268626561526 1.18533077198248
"GNRH1" 3.85112280425758 1.19612785879349 1.52824853462623 1.95631424549103 1.21394180731715 1.06675811713285 1.32830763219949 5.33379058566423 7.90671903537736 2.13351623426569 4.50366712478001 7.33499189057439 3.12484803195175 1.13797288046881 1.34434662320944 3.51805879684579 3.55599231594744
"HGF" 3.85112280425758 1612.38035365363 1.52824853462623 3.91262849098206 1.21394180731715 1.06675811713285 2.21384605366581 1.06675811713285 4.74403142122642 2.13351623426569 4.50366712478001 1.46699837811488 1.04161601065058 1.13797288046881 1.34434662320944 1.17268626561526 1.18533077198248
"HRAS" 6.41853800709597 551.414942903801 1.52824853462623 1.95631424549103 8.49759265122006 163.213991921325 59.773843448977 41.603566568181 20.5574694919811 331.761774428315 13.51100137434 1.46699837811488 157.284017608238 42.1049965773461 1.34434662320944 503.082407948948 17.7799615797372
"HTATIP2" 75.7387484837325 2270.25067599005 1046.85024621897 1.95631424549103 103.185053621958 35.2030178653839 37.6353829123188 2566.62002982163 14.2320942636792 158.946959452794 3382.25401070979 673.352255554729 1007.24268229911 86.4859389156298 264.83628477226 444.448094668185 24.8919462116321
"IGF1" 1.28370760141919 1.19612785879349 1.52824853462623 1.95631424549103 1.21394180731715 1.06675811713285 0.442769210733163 1.06675811713285 4.74403142122642 5.33379058566423 1.50122237492667 1.46699837811488 1.04161601065058 1.13797288046881 1.34434662320944 1.17268626561526 1.18533077198248
"IL18" 1.28370760141919 1.19612785879349 1.52824853462623 48.9078561372758 1.21394180731715 1.06675811713285 30.1083063298551 1.06675811713285 1.58134380707547 11.7343392884613 19.5158908740467 2.93399675622976 3.12484803195175 1.13797288046881 1.34434662320944 1.17268626561526 1.18533077198248
"IL1B" 21.8230292241263 15.5496621643154 74.8841781966851 1.95631424549103 18.2091271097573 5.33379058566423 701.789199012063 80.0068587849634 4.74403142122642 9.60082305419561 28.5232251236067 7.33499189057439 32.2900963301681 29.5872948921891 22.8538925945605 26.9717841091511 2445.33738259985
"ITGB3" 1.28370760141919 3.58838357638048 7.64124267313114 1.95631424549103 3.64182542195146 3.20027435139854 2.21384605366581 971.816644708022 1.58134380707547 3.20027435139854 4.50366712478001 2.93399675622976 713.50696729565 3280.77581439159 1.34434662320944 1.17268626561526 3.55599231594744
"KISS1" 1.28370760141919 1.19612785879349 1.52824853462623 1.95631424549103 30.3485451829288 1.06675811713285 0.442769210733163 1.06675811713285 1.58134380707547 1.06675811713285 1.50122237492667 1.46699837811488 1.04161601065058 1.13797288046881 1.34434662320944 1.17268626561526 1.18533077198248
"KISS1R" 55.1994268610254 8.37289501155446 142.127113720239 13.6941997184372 20.6370107243916 30.9359853968525 18.1535376400597 18.1348879912584 23.7201571061321 97.0749886590889 49.5403383725801 24.9389724279529 248.94622654549 394.876589522678 14.7878128553038 22.28103904669 190.838254289179
"KRAS" 1267.01940260075 1.19612785879349 1.52824853462623 1.95631424549103 72.8365084390291 937.680384959771 213.857528784118 468.306813421319 4.74403142122642 71.4727938479006 3.00244474985334 77.7509140400886 17.7074721810599 312.942542128924 770.31061509901 3.51805879684579 480.058962652904
"MCAM" 1.28370760141919 1.19612785879349 4.58474560387868 1.95631424549103 180.877329290256 1.06675811713285 114.234456369156 1.06675811713285 1.58134380707547 1.06675811713285 160.630794117154 4.40099513434464 1.04161601065058 3.41391864140644 76.6277575229381 1.17268626561526 3.55599231594744
"MDM2" 12837.0760141919 8423.13238162378 1361.66944435197 1281.38583079663 995.432282000064 4373.70828024467 43.3913826518499 9.60082305419561 4.74403142122642 502.44307316957 1495.21748542696 1691.44912996646 969.744505915693 8790.84050162158 3235.84232206512 1103.49777594396 910.334032882544
"MET" 1242.62895817378 666.243217347976 13.754236811636 1111.18649143891 116.538413502447 103.475537361886 2964.33986585852 632.587563459777 14.2320942636792 1034.75537361886 1457.6869260538 7135.48011115077 798.919480168998 939.96559926724 134.434662320944 117.268626561526 10.6679769478423
"METAP2" 4178.46824261948 4087.16889349737 1299.01125443229 1.95631424549103 1113.18463730983 1915.89757837059 634.488278980622 4831.34751249466 14.2320942636792 1377.1847292185 325.765255359087 2697.81001735326 4207.08706701771 2166.70036441262 3112.16243272986 7969.57586112133 5550.90400519395
"MMP10" 1.28370760141919 1.19612785879349 1.52824853462623 1.95631424549103 3.64182542195146 1.06675811713285 0.442769210733163 20.2684042255241 1.58134380707547 1.06675811713285 1.50122237492667 1.46699837811488 1.04161601065058 3.41391864140644 4.03303986962832 1.17268626561526 1.18533077198248
"MMP11" 1.28370760141919 3.58838357638048 4.58474560387868 1.95631424549103 1.21394180731715 1.06675811713285 6251.90125555226 1.06675811713285 1.58134380707547 1.06675811713285 1.50122237492667 1.46699837811488 1.04161601065058 1.13797288046881 1.34434662320944 1.17268626561526 257.216777520198
"MMP13" 3.85112280425758 1.19612785879349 1.52824853462623 60.645741610222 1.21394180731715 1.06675811713285 0.442769210733163 7600.65158457152 7.90671903537736 650.722451451036 1.50122237492667 1.46699837811488 1.04161601065058 1.13797288046881 1.34434662320944 1.17268626561526 1.18533077198248
"MMP2" 3.85112280425758 1.19612785879349 4.58474560387868 1.95631424549103 1.21394180731715 1.06675811713285 0.442769210733163 1.06675811713285 1.58134380707547 1.06675811713285 1.50122237492667 1.46699837811488 3.12484803195175 1.13797288046881 1.34434662320944 1.17268626561526 3.55599231594744
"MMP3" 1.28370760141919 1.19612785879349 1.52824853462623 1.95631424549103 1.21394180731715 1.06675811713285 0.442769210733163 2.13351623426569 1.58134380707547 1.06675811713285 1.50122237492667 1.46699837811488 1.04161601065058 1.13797288046881 1.34434662320944 1.17268626561526 1.18533077198248
"MMP9" 1.28370760141919 1.19612785879349 1.52824853462623 1.95631424549103 1.21394180731715 3.20027435139854 1.32830763219949 1.06675811713285 4.74403142122642 39.4700503339153 16.5134461241934 4.40099513434464 3.12484803195175 1.13797288046881 1.34434662320944 1.17268626561526 1.18533077198248
"MTA1" 100.129192910697 1596.83069148931 1.52824853462623 25.4320851913834 156.598493143913 161.08047568706 263.447680386232 3.20027435139854 14.2320942636792 94.9414724248232 571.965724847061 690.956236092108 342.691667504042 650.920487628161 65.8729845372626 3.51805879684579 79.4171617228261
"MTSS1" 373.558912012986 1.19612785879349 1.52824853462623 1.95631424549103 6.06970903658576 43.7370828024467 115.562764001355 105.609053596152 105.950035074057 3.20027435139854 1.50122237492667 4.40099513434464 3.12484803195175 1.13797288046881 4.03303986962832 1.17268626561526 1.18533077198248
"MYC" 2080.89002190051 27.5109407522504 4.58474560387868 13.6941997184372 1.21394180731715 7.46730681992992 350.673214900665 1031.55509926746 49.0216580193396 10.6675811713285 938.263984329169 981.421914958854 436.437108462595 5743.3491277261 1.34434662320944 395.195271512344 15.4093000357722
"MYCL1" 1.28370760141919 1.19612785879349 1.52824853462623 1.95631424549103 1.21394180731715 1.06675811713285 0.442769210733163 3.20027435139854 1.58134380707547 1.06675811713285 1.50122237492667 1.46699837811488 1.04161601065058 1.13797288046881 1.34434662320944 1.17268626561526 1.18533077198248
"NF2" 3.85112280425758 41.8644750577723 1.52824853462623 1.95631424549103 1.21394180731715 1.06675811713285 40.2919981767178 1.06675811713285 1.58134380707547 3.20027435139854 31.5256698734601 1.46699837811488 3.12484803195175 1.13797288046881 1.34434662320944 8.20880385930684 1.18533077198248
"NME1" 61.6179648681213 32.2954521874243 7.64124267313114 7696.14024176172 122.608122539032 10127.8015640592 10.1836918468627 598.451303711526 14.2320942636792 5.33379058566423 16.5134461241934 74.8169172838588 7506.92658875876 5119.73998922919 4.03303986962832 10173.0533542124 7148.72988582633
"NME2" 599.491449862764 1066.9460500438 1.52824853462623 5.86894273647309 1608.47289469523 1923.36488519052 436.570441782898 1119.02926487235 583.515864810849 1784.68632996325 37.5305593731668 3997.57058036304 618.719910326447 1691.02770037666 748.801069127658 2774.57570444571 798.912940316191
"NME4" 1.28370760141919 8.37289501155446 1.52824853462623 1.95631424549103 1.21394180731715 28.8024691625868 144.342762699011 118.410151001746 697.372618920283 84.2738912534948 79.5647858711135 1.46699837811488 5.20808005325292 30.725267772658 1.34434662320944 1.17268626561526 1.18533077198248
"NR4A3" 1.28370760141919 1.19612785879349 4.58474560387868 1.95631424549103 10.9254762658544 1.06675811713285 0.442769210733163 892.876544040192 1.58134380707547 3.20027435139854 3.00244474985334 1.46699837811488 3.12484803195175 3.41391864140644 1.34434662320944 1.17268626561526 3.55599231594744
"PLAUR" 222.081415045521 3.58838357638048 1.52824853462623 1.95631424549103 1.21394180731715 1.06675811713285 68.6292276636402 4344.90581108208 11.0694066495283 831.004573246487 25.5207803737534 717.362206898176 473.935284846016 246.940115061732 1.34434662320944 996.783325772974 45.0425693353342
"PNN" 3697.07789208728 24916.5394265273 40223.5014313623 1842.84801925255 10374.3466853324 4886.81893458556 1307.49747929503 4009.94376230237 469.659110701415 1756.9506189178 5174.71352637223 19.0709789154934 11486.9413654546 2902.96881807594 22591.7450030347 38695.1287065068 10897.9311176069
"PTEN" 450.581368098137 3423.31793186698 4.58474560387868 5.86894273647309 394.531087378074 3721.9190706765 576.485512374578 163.213991921325 121.763473144811 203.750800372373 55.5452278722868 8049.42010071634 3345.67062620968 719.19886045629 1738.24018380981 2686.62423452457 4673.75923392691
"RB1" 29.5252748326415 7.17676715276096 7.64124267313114 397.131791834679 92.2595773561035 464.039780952788 242.19475827104 48.004115270978 49.0216580193396 205.884316606639 1.50122237492667 1.46699837811488 71.8715047348903 666.852107954725 4.03303986962832 65.6704308744547 536.954839708063
"RORB" 32.0926900354799 1.19612785879349 41.2627104349081 1.95631424549103 1.21394180731715 1.06675811713285 2.21384605366581 1.06675811713285 1.58134380707547 1.06675811713285 1.50122237492667 1.46699837811488 3.12484803195175 1.13797288046881 1.34434662320944 5.86343132807632 3.55599231594744
"RPSA" 319.643192753379 587.298778667605 59.6016928504229 105.640969256516 285.276324719531 355.230453005238 171.351684553734 289.091449743001 257.759040553302 289.091449743001 430.850821603954 784.84413229146 219.780978247273 663.438189313318 111.580769726384 730.583543478309 112.606423338336
"SET" 2685.51630216896 4560.83552557959 13349.2509499601 2392.57232223553 3431.81348928559 7379.83265432502 657.95504714948 2512.21536584785 494.960611614623 1855.09236569402 5799.22203434173 32859.2966713952 6131.99345469999 11556.1146011608 2364.70571022541 39868.9876583877 3169.57448428115
"SMAD2" 96.2780701064396 763.129573910249 13.754236811636 9419.65309203931 37.6321960268317 98.1417467762218 160.282454285405 65.0722451451036 30.045532334434 92.8079561905575 4.50366712478001 1.46699837811488 411.438324206981 1922.03619511183 832.150559766644 16741.2691279235 2291.24438224213
"SMAD4" 1110.4070752276 1252.34586815679 7.64124267313114 5.86894273647309 2026.06887641233 842.738912534948 831.077808546146 11.7343392884613 11.0694066495283 43.7370828024467 163.633238867007 133.496852408454 199.990274044912 471.120772514089 161.321594785133 2244.52151238761 1088.13364867992
"SRC" 1.28370760141919 1.19612785879349 4.58474560387868 1.95631424549103 1.21394180731715 1481.72702469752 174.008299818133 1375.05121298424 33.2082199485849 1008.08642069054 37.5305593731668 4.40099513434464 7.29131207455409 3.41391864140644 1.34434662320944 1.17268626561526 1.18533077198248
"SSTR2" 1.28370760141919 2871.90298896318 1.52824853462623 1.95631424549103 1.21394180731715 1.06675811713285 0.442769210733163 1.06675811713285 1.58134380707547 5.33379058566423 4.50366712478001 1.46699837811488 1.04161601065058 2.27594576093763 1.34434662320944 1.17268626561526 1.18533077198248
"SYK" 8.98595320993436 367.211252649603 8333.53925931682 29.3447136823655 3.64182542195146 150.412894515731 1.32830763219949 1.06675811713285 7.90671903537736 1.06675811713285 1.50122237492667 4.40099513434464 7.29131207455409 5.68986440234407 4.03303986962832 474.937937574182 34.3745923874919
"TCF20" 971.76665427433 324.150649733037 56.5451957811704 60.645741610222 5819.63702427843 400.034293924817 912.990112531782 2734.10105421148 254.596352939151 1767.61820008912 698.068404340902 585.332352867837 2057.1916210349 1428.15596498836 52.4295183051682 48.0801368902258 10.6679769478423
"TGFB1" 1.28370760141919 185.399818112992 1.52824853462623 1.95631424549103 1.21394180731715 1.06675811713285 114.677225579889 979.283951527952 1.58134380707547 69.3392776136349 4.50366712478001 4.40099513434464 1.04161601065058 1.13797288046881 1.34434662320944 1.17268626561526 1.18533077198248
"TIMP2" 887.041952580664 4266.58807231639 13.754236811636 2905.12665455418 21421.2171319185 4387.57613576739 5036.49977208973 34973.6648702003 1494.36989768632 6593.63192199812 7900.93335923906 12095.4016275572 3430.04152307237 11049.7166693522 5346.46652050395 23063.2207858554 22261.6972286029
"TIMP3" 86.0084092950861 20684.6390621159 32.0932192271508 1.95631424549103 39681.3297975831 2106.84728133737 824.879039595882 5586.61225942471 232.457539640094 2512.21536584785 283.731028861141 4.40099513434464 21.8739362236623 3.41391864140644 4.03303986962832 3.51805879684579 13.0386384918073
"TIMP4" 3.85112280425758 1.19612785879349 1.52824853462623 1.95631424549103 1.21394180731715 1.06675811713285 0.442769210733163 1.06675811713285 248.270977710849 1.06675811713285 1.50122237492667 1.46699837811488 1.04161601065058 1.13797288046881 1.34434662320944 1.17268626561526 24.8919462116321
"TNFSF10" 3.85112280425758 1101.63375794881 74.8841781966851 1.95631424549103 6.06970903658576 58.6716964423065 28.7799986976556 67.2057613793693 1.58134380707547 46.9373571538452 1.50122237492667 1.46699837811488 1.04161601065058 1.13797288046881 1.34434662320944 3.51805879684579 1.18533077198248
"TP53" 989.738560694199 1.19612785879349 7.64124267313114 9.78157122745515 35.2043124121974 1053.95701972725 31.4366139620546 9.60082305419561 52.1843456334906 254.95518999475 773.129523087235 1.46699837811488 3.12484803195175 10180.305388674 8750.35217047025 561.716721229711 438.572385633517
"TRPM1" 1.28370760141919 1.19612785879349 1.52824853462623 1.95631424549103 44.9158468707346 1.06675811713285 0.442769210733163 5.33379058566423 1.58134380707547 4.26703246853138 1.50122237492667 4.40099513434464 1.04161601065058 42.1049965773461 1.34434662320944 1.17268626561526 3.55599231594744
"VEGFA" 1.28370760141919 92.101845127099 13.754236811636 1.95631424549103 1.21394180731715 4207.29401397194 431.699980464834 92.8079561905575 49.0216580193396 598.451303711526 1298.55735431157 7.33499189057439 2294.68007146324 50.0708067406278 461.110891760838 231.019194326207 13.0386384918073
